22 22 22 22 22 22 22 22 22 22 22 22 22 22 22 22 22 22 22 22 22 22 22 22 22 22 22 22 22 22 22 22 22 22 22 22 22 22 22 22 22 22 22 22 22 22 22 22
22 22 22 22 22 22 22 22 22 22 22 22 22 22 22 22 22 22 22 22 22 22 22 22 22 22 22 22 22 22 22 22 22 22 22 22 22 22 22 22 22 22 22 22 22 22 22 22
22 22 22 22 22 22 22 22 22 22 22 22 22 22 22 22 22 22 22 22 22 22 22 22 22 22 22 22 22 22 22 22 22 22 22 22 22 22 22 22 22 22 22 22 22 22 22 22
22 22 22 22 22 22 22 22 22 22 23 24 25 26 27 22 22 17 17 17 17 22 22 22 22 22 22 22 22 22 22 22 22 22 22 22 22 22 22 22 22 22 22 22 22 22 22 22
22 22 22 22 22 22 22 22 17 17 17 17 17 17 17 17 17 16 0 0 15 17 17 17 17 17 17 17 17 17 22 22 22 22 22 22 22 22 22 22 22 22 22 22 22 22 22 22
22 22 22 22 22 22 22 22 17 18 0 9 6 1 1 1 5 9 0 0 9 6 1 1 1 5 9 0 19 17 22 22 22 22 22 22 22 22 22 22 22 22 22 22 22 22 22 22
22 22 22 22 22 22 22 22 17 0 0 10 6 2 2 2 5 10 0 0 10 6 2 2 2 5 10 0 0 17 22 22 22 22 22 22 22 22 22 22 22 22 22 22 22 22 22 22
22 22 22 22 22 22 22 22 17 11 12 13 17 17 17 17 17 14 11 12 13 17 17 17 17 17 14 11 12 17 22 22 22 22 22 22 22 22 22 22 22 22 22 22 22 22 22 22
22 22 22 22 22 22 22 22 17 8 8 17 22 22 22 22 22 17 8 8 17 22 22 22 22 22 17 8 8 17 22 22 22 22 22 22 22 22 22 22 22 22 22 22 22 22 22 22
22 22 22 22 22 22 22 22 17 3 4 17 22 22 22 22 22 17 3 4 17 22 22 22 22 22 17 3 4 17 22 22 22 22 22 22 22 22 22 22 22 22 22 22 22 22 22 22
22 22 22 22 22 22 22 17 16 3 4 15 17 17 17 17 17 16 3 4 15 17 17 17 17 17 16 3 4 17 22 22 22 22 22 22 22 22 22 22 22 22 22 22 22 22 22 22
22 22 22 22 22 22 22 17 0 3 4 0 0 0 0 0 0 0 3 4 0 0 0 0 0 0 0 3 4 17 22 22 22 22 22 22 22 22 22 22 22 22 22 22 22 22 22 22
22 22 22 22 22 22 22 17 14 3 4 13 17 17 17 17 17 14 3 4 13 17 17 17 17 17 14 3 4 17 22 22 22 22 22 22 22 22 22 22 22 22 22 22 22 22 22 22
22 22 22 22 22 22 22 22 17 3 4 17 22 22 22 22 22 17 3 4 17 22 22 22 22 22 17 3 4 17 22 22 22 22 22 22 22 22 22 22 22 22 22 22 22 22 22 22
22 22 22 22 22 22 22 22 17 7 7 17 22 22 22 22 22 17 7 7 17 22 22 22 22 22 17 7 7 17 22 22 22 22 22 22 22 22 22 22 22 22 22 22 22 22 22 22
22 22 22 22 22 22 22 22 17 11 12 15 17 17 17 17 17 16 11 12 15 17 17 17 17 17 16 11 12 15 17 17 17 17 17 17 17 17 17 22 22 22 22 22 22 22 22 22
22 22 22 22 22 22 22 22 17 0 0 9 6 1 1 1 5 9 0 0 9 6 1 1 1 5 9 0 0 9 6 1 1 1 5 9 0 19 17 22 22 22 22 22 22 22 22 22
22 22 22 22 22 22 22 22 17 20 0 10 6 2 2 2 5 10 0 0 10 6 2 2 2 5 10 0 0 10 6 2 2 2 5 10 0 0 17 22 22 22 22 22 22 22 22 22
22 22 22 22 22 22 22 22 17 17 17 17 17 17 17 17 17 14 11 12 13 17 17 17 17 17 14 11 12 13 17 17 17 17 17 14 11 12 17 22 22 22 22 22 22 22 22 22
22 22 22 22 22 22 22 22 22 22 22 22 22 22 22 22 22 17 8 8 17 22 22 22 22 22 17 8 8 17 22 22 22 22 22 17 8 8 17 22 22 22 22 22 22 22 22 22
22 22 22 22 22 22 22 22 22 22 22 22 22 22 22 22 22 17 3 4 17 22 22 22 22 22 17 3 4 17 22 22 22 22 22 17 3 4 17 22 22 22 22 22 22 22 22 22
22 22 22 22 22 22 22 22 22 22 22 22 22 22 22 22 22 17 3 4 15 17 17 17 17 17 16 3 4 15 17 17 17 17 17 16 3 4 15 17 22 22 22 22 22 22 22 22
22 22 22 22 22 22 22 22 22 22 22 22 22 22 22 22 22 17 3 4 0 0 0 0 0 0 0 3 4 0 0 0 0 0 0 0 3 4 0 17 22 22 22 22 22 22 22 22
22 22 22 22 22 22 22 22 22 22 22 22 22 22 22 22 22 17 3 4 13 17 17 17 17 17 14 3 4 13 17 17 17 17 17 14 3 4 13 17 22 22 22 22 22 22 22 22
22 22 22 22 22 22 22 22 22 22 22 22 22 22 22 22 22 17 3 4 17 22 22 22 22 22 17 3 4 17 22 22 22 22 22 17 3 4 17 22 22 22 22 22 22 22 22 22
22 22 22 22 22 22 22 22 22 22 22 22 22 22 22 22 22 17 7 7 17 22 22 22 22 22 17 7 7 17 22 22 22 22 22 17 7 7 17 22 22 22 22 22 22 22 22 22
22 22 22 22 22 22 22 22 22 22 22 22 22 22 22 22 22 17 11 12 15 17 17 17 17 17 16 11 12 15 17 17 17 17 17 16 11 12 17 22 22 22 22 22 22 22 22 22
22 22 22 22 22 22 22 22 22 22 22 22 22 22 22 22 22 17 0 0 9 6 1 1 1 5 9 0 0 9 6 1 1 1 5 9 0 0 17 22 22 22 22 22 22 22 22 22
22 22 22 22 22 22 22 22 22 22 22 22 22 22 22 22 22 17 20 0 10 6 2 2 2 5 10 0 0 10 6 2 2 2 5 10 0 21 17 22 22 22 22 22 22 22 22 22
22 22 22 22 22 22 22 22 22 22 22 22 22 22 22 22 22 17 17 17 17 17 17 17 17 17 14 0 0 13 17 17 17 17 17 17 17 17 17 22 22 22 22 22 22 22 22 22
22 22 22 22 22 22 22 22 22 22 22 22 22 22 22 22 22 22 22 22 22 22 22 22 22 22 17 17 17 17 22 22 22 22 22 22 22 22 22 22 22 22 22 22 22 22 22 22
22 22 22 22 22 22 22 22 22 22 22 22 22 22 22 22 22 22 22 22 22 22 22 22 22 22 22 22 22 22 22 22 22 22 22 22 22 22 22 22 22 22 22 22 22 22 22 22
22 22 22 22 22 22 22 22 22 22 22 22 22 22 22 22 22 22 22 22 22 22 22 22 22 22 22 22 22 22 22 22 22 22 22 22 22 22 22 22 22 22 22 22 22 22 22 22
22 22 22 22 22 22 22 22 22 22 22 22 22 22 22 22 22 22 22 22 22 22 22 22 22 22 22 22 22 22 22 22 22 22 22 22 22 22 22 22 22 22 22 22 22 22 22 22